Number of atoms: 6, Charge: 0
Atomic Number: 6, X: 1.266, Y: 0, Z: 0
Atomic Number: 6, X: -1.266, Y: -0, Z: 0
Atomic Number: 1, X: 2.305, Y: 1.8, Z: 0
Atomic Number: 1, X: 2.305, Y: -1.8, Z: 0
Atomic Number: 1, X: -2.305, Y: 1.8, Z: 0
Atomic Number: 1, X: -2.305, Y: -1.8, Z: 0
Number of basis functions: 12
Number of electrons: 12
Number of basis functions: 12
Number of electrons: 12
Basis function center:    1.2660        0        0

Angular momentum:         0        0        0

Exponents: 71.6168 13.0451 3.53051 
Coefficients: 0.154329 0.535328 0.444635 
Basis function center:    1.2660        0        0

Angular momentum:         1        0        0

Exponents: 71.6168 13.0451 3.53051 
Coefficients: 0.154329 0.535328 0.444635 
Basis function center:    1.2660        0        0

Angular momentum:         0        1        0

Exponents: 71.6168 13.0451 3.53051 
Coefficients: 0.154329 0.535328 0.444635 
Basis function center:    1.2660        0        0

Angular momentum:         0        0        1

Exponents: 71.6168 13.0451 3.53051 
Coefficients: 0.154329 0.535328 0.444635 
Basis function center:   -1.2660        0        0

Angular momentum:         0        0        0

Exponents: 71.6168 13.0451 3.53051 
Coefficients: 0.154329 0.535328 0.444635 
Basis function center:   -1.2660        0        0

Angular momentum:         1        0        0

Exponents: 71.6168 13.0451 3.53051 
Coefficients: 0.154329 0.535328 0.444635 
Basis function center:   -1.2660        0        0

Angular momentum:         0        1        0

Exponents: 71.6168 13.0451 3.53051 
Coefficients: 0.154329 0.535328 0.444635 
Basis function center:   -1.2660        0        0

Angular momentum:         0        0        1

Exponents: 71.6168 13.0451 3.53051 
Coefficients: 0.154329 0.535328 0.444635 
Basis function center:    2.3050   1.8000        0

Angular momentum:         0        0        0

Exponents: 3.42525 0.623914 0.168855 
Coefficients: 0.154329 0.535328 0.444635 
Basis function center:    2.3050  -1.8000        0

Angular momentum:         0        0        0

Exponents: 3.42525 0.623914 0.168855 
Coefficients: 0.154329 0.535328 0.444635 
Basis function center:   -2.3050   1.8000        0

Angular momentum:         0        0        0

Exponents: 3.42525 0.623914 0.168855 
Coefficients: 0.154329 0.535328 0.444635 
Basis function center:   -2.3050  -1.8000        0

Angular momentum:         0        0        0

Exponents: 3.42525 0.623914 0.168855 
Coefficients: 0.154329 0.535328 0.444635 
Overlap matrix size: 12 x 12
Overlap matrix:
   1.1236e-01            0            0            0   7.1436e-07   2.4036e-06            0            0   1.0919e-01   1.0919e-01   1.3754e-02   1.3754e-02
            0   5.2119e-02            0            0  -2.4036e-06  -7.7297e-06            0            0   1.7816e-02   1.7816e-02  -5.5924e-03  -5.5924e-03
            0            0   5.2119e-02            0            0            0   3.5711e-07            0   3.0864e-02  -3.0864e-02   2.8189e-03  -2.8189e-03
            0            0            0   5.2119e-02            0            0            0   3.5711e-07            0            0            0            0
   7.1436e-07  -2.4036e-06            0            0   1.1236e-01            0            0            0   1.3754e-02   1.3754e-02   1.0919e-01   1.0919e-01
   2.4036e-06  -7.7297e-06            0            0            0   5.2119e-02            0            0   5.5924e-03   5.5924e-03  -1.7816e-02  -1.7816e-02
            0            0   3.5711e-07            0            0            0   5.2119e-02            0   2.8189e-03  -2.8189e-03   3.0864e-02  -3.0864e-02
            0            0            0   3.5711e-07            0            0            0   5.2119e-02            0            0            0            0
   1.0919e-01   1.7816e-02   3.0864e-02            0   1.3754e-02   5.5924e-03   2.8189e-03            0   1.0742e+01   2.5832e+00   1.1606e+00   3.5254e-01
   1.0919e-01   1.7816e-02  -3.0864e-02            0   1.3754e-02   5.5924e-03  -2.8189e-03            0   2.5832e+00   1.0742e+01   3.5254e-01   1.1606e+00
   1.3754e-02  -5.5924e-03   2.8189e-03            0   1.0919e-01  -1.7816e-02   3.0864e-02            0   1.1606e+00   3.5254e-01   1.0742e+01   2.5832e+00
   1.3754e-02  -5.5924e-03  -2.8189e-03            0   1.0919e-01  -1.7816e-02  -3.0864e-02            0   3.5254e-01   1.1606e+00   2.5832e+00   1.0742e+01
Constructor: Overlap matrix size: 12 x 12
Constructor: Diagonal energies size: 12
Hamiltonian Matrix:
  -2.1400e+01            0            0            0  -2.6753e-05  -6.8984e-05            0            0  -3.3439e+00  -3.3439e+00  -4.2122e-01  -4.2122e-01
            0  -1.1400e+01            0            0   6.8984e-05   1.5421e-04            0            0  -3.8972e-01  -3.8972e-01   1.2233e-01   1.2233e-01
            0            0  -1.1400e+01            0            0            0  -7.1244e-06            0  -6.7516e-01   6.7516e-01  -6.1663e-02   6.1663e-02
            0            0            0  -1.1400e+01            0            0            0  -7.1244e-06            0            0            0            0
  -2.6753e-05   6.8984e-05            0            0  -2.1400e+01            0            0            0  -4.2122e-01  -4.2122e-01  -3.3439e+00  -3.3439e+00
  -6.8984e-05   1.5421e-04            0            0            0  -1.1400e+01            0            0  -1.2233e-01  -1.2233e-01   3.8972e-01   3.8972e-01
            0            0  -7.1244e-06            0            0            0  -1.1400e+01            0  -6.1663e-02   6.1663e-02  -6.7516e-01   6.7516e-01
            0            0            0  -7.1244e-06            0            0            0  -1.1400e+01            0            0            0            0
  -3.3439e+00  -3.8972e-01  -6.7516e-01            0  -4.2122e-01  -1.2233e-01  -6.1663e-02            0  -1.3600e+01  -6.1480e+01  -2.7623e+01  -8.3904e+00
  -3.3439e+00  -3.8972e-01   6.7516e-01            0  -4.2122e-01  -1.2233e-01   6.1663e-02            0  -6.1480e+01  -1.3600e+01  -8.3904e+00  -2.7623e+01
  -4.2122e-01   1.2233e-01  -6.1663e-02            0  -3.3439e+00   3.8972e-01  -6.7516e-01            0  -2.7623e+01  -8.3904e+00  -1.3600e+01  -6.1480e+01
  -4.2122e-01   1.2233e-01   6.1663e-02            0  -3.3439e+00   3.8972e-01   6.7516e-01            0  -8.3904e+00  -2.7623e+01  -6.1480e+01  -1.3600e+01
Hamiltonian matrix
  -2.1400e+01            0            0            0  -2.6753e-05  -6.8984e-05            0            0  -3.3439e+00  -3.3439e+00  -4.2122e-01  -4.2122e-01
            0  -1.1400e+01            0            0   6.8984e-05   1.5421e-04            0            0  -3.8972e-01  -3.8972e-01   1.2233e-01   1.2233e-01
            0            0  -1.1400e+01            0            0            0  -7.1244e-06            0  -6.7516e-01   6.7516e-01  -6.1663e-02   6.1663e-02
            0            0            0  -1.1400e+01            0            0            0  -7.1244e-06            0            0            0            0
  -2.6753e-05   6.8984e-05            0            0  -2.1400e+01            0            0            0  -4.2122e-01  -4.2122e-01  -3.3439e+00  -3.3439e+00
  -6.8984e-05   1.5421e-04            0            0            0  -1.1400e+01            0            0  -1.2233e-01  -1.2233e-01   3.8972e-01   3.8972e-01
            0            0  -7.1244e-06            0            0            0  -1.1400e+01            0  -6.1663e-02   6.1663e-02  -6.7516e-01   6.7516e-01
            0            0            0  -7.1244e-06            0            0            0  -1.1400e+01            0            0            0            0
  -3.3439e+00  -3.8972e-01  -6.7516e-01            0  -4.2122e-01  -1.2233e-01  -6.1663e-02            0  -1.3600e+01  -6.1480e+01  -2.7623e+01  -8.3904e+00
  -3.3439e+00  -3.8972e-01   6.7516e-01            0  -4.2122e-01  -1.2233e-01   6.1663e-02            0  -6.1480e+01  -1.3600e+01  -8.3904e+00  -2.7623e+01
  -4.2122e-01   1.2233e-01  -6.1663e-02            0  -3.3439e+00   3.8972e-01  -6.7516e-01            0  -2.7623e+01  -8.3904e+00  -1.3600e+01  -6.1480e+01
  -4.2122e-01   1.2233e-01   6.1663e-02            0  -3.3439e+00   3.8972e-01   6.7516e-01            0  -8.3904e+00  -2.7623e+01  -6.1480e+01  -1.3600e+01
X_mat (S^(-1/2))
   3.0072e+00   6.7889e-03  -6.7812e-17   1.5063e-16   3.3428e-03   1.9866e-03   8.1620e-17  -4.7057e-18  -2.2555e-02  -2.2555e-02  -4.1197e-04  -4.1197e-04
   6.7889e-03   4.3827e+00  -8.0481e-16   6.4683e-16  -1.9866e-03   1.8635e-03  -5.1736e-16  -1.1254e-15  -5.8326e-03  -5.8326e-03   2.3861e-03   2.3861e-03
  -6.7812e-17  -8.0481e-16   4.3901e+00  -2.6795e-16  -2.9394e-16   2.1163e-16   8.1133e-04   3.2140e-17  -1.5388e-02   1.5388e-02   6.0129e-05  -6.0129e-05
   1.5063e-16   6.4683e-16  -2.6795e-16   4.3803e+00  -2.9979e-17   7.5383e-16  -6.4876e-16  -1.5007e-05   2.2706e-17  -6.1236e-17   2.4484e-17  -2.5328e-19
   3.3428e-03  -1.9866e-03  -2.9394e-16  -2.9979e-17   3.0072e+00  -6.7889e-03  -3.1209e-15  -6.0904e-15  -4.1197e-04  -4.1197e-04  -2.2555e-02  -2.2555e-02
   1.9866e-03   1.8635e-03   2.1163e-16   7.5383e-16  -6.7889e-03   4.3827e+00  -3.4308e-15   3.6303e-16  -2.3861e-03  -2.3861e-03   5.8326e-03   5.8326e-03
   8.1620e-17  -5.1736e-16   8.1133e-04  -6.4876e-16  -3.1209e-15  -3.4308e-15   4.3901e+00   3.4492e-15   6.0129e-05  -6.0129e-05  -1.5388e-02   1.5388e-02
  -4.7057e-18  -1.1254e-15   3.2140e-17  -1.5007e-05  -6.0904e-15   3.6303e-16   3.4492e-15   4.3803e+00   1.8352e-16  -4.9228e-16   2.1175e-16   8.1059e-17
  -2.2555e-02  -5.8326e-03  -1.5388e-02   2.2706e-17  -4.1197e-04  -2.3861e-03   6.0129e-05   1.8352e-16   3.1358e-01  -3.7925e-02  -1.6564e-02   8.8190e-04
  -2.2555e-02  -5.8326e-03   1.5388e-02  -6.1236e-17  -4.1197e-04  -2.3861e-03  -6.0129e-05  -4.9228e-16  -3.7925e-02   3.1358e-01   8.8190e-04  -1.6564e-02
  -4.1197e-04   2.3861e-03   6.0129e-05   2.4484e-17  -2.2555e-02   5.8326e-03  -1.5388e-02   2.1175e-16  -1.6564e-02   8.8190e-04   3.1358e-01  -3.7925e-02
  -4.1197e-04   2.3861e-03  -6.0129e-05  -2.5328e-19  -2.2555e-02   5.8326e-03   1.5388e-02   8.1059e-17   8.8190e-04  -1.6564e-02  -3.7925e-02   3.1358e-01
MO coefficients (C Matrix): 
   2.4449e-14   2.1437e-14  -6.7637e-02  -3.9223e-02  -9.2490e-15  -8.9269e-14   2.1282e+00  -2.1228e+00  -3.6071e-02   3.6210e-02   4.8784e-17   6.1121e-17
   1.0552e-12   5.7401e-13  -3.0992e+00  -3.0973e+00  -3.7583e-13  -7.3226e-12  -4.8777e-02   8.3584e-02  -4.1705e-03   1.1318e-02   1.5750e-17   5.6722e-17
  -3.1048e+00   3.1036e+00   3.7964e-13  -8.6092e-13  -3.1078e-13   8.0369e-15   4.3144e-15   3.6382e-15   3.0603e-17  -4.1894e-17   2.4405e-02  -2.7033e-02
   1.1495e-13   4.3365e-13  -1.1823e-12   8.1292e-12   3.0973e+00  -3.0973e+00  -1.6136e-15   1.8332e-15   4.0397e-18  -6.7588e-18  -1.0540e-17   1.5859e-17
   1.7905e-15  -2.2999e-14   6.7637e-02  -3.9223e-02   8.4394e-14  -4.4120e-14   2.1282e+00   2.1228e+00  -3.6071e-02  -3.6210e-02  -4.0453e-16   2.2659e-16
   1.4133e-12   2.6551e-12  -3.0992e+00   3.0973e+00  -1.2711e-12   8.0366e-12   4.8777e-02   8.3584e-02   4.1705e-03   1.1318e-02  -4.2832e-17   1.5435e-17
  -3.1048e+00  -3.1036e+00  -2.8468e-12   1.2183e-12   1.6617e-12   1.1139e-12   3.5812e-14   3.6975e-14  -2.2834e-16  -2.2879e-16   2.4405e-02   2.7033e-02
  -1.2389e-12  -1.5401e-12   4.6948e-13   7.2324e-12  -3.0973e+00  -3.0973e+00   8.0356e-14   7.6202e-14   2.5449e-16  -4.5109e-16  -2.0346e-16   3.1653e-16
   1.0350e-02  -1.0235e-02   6.0906e-03   2.6671e-03   2.0989e-15   5.7150e-15  -1.5397e-02   1.4523e-02   1.3008e-01  -1.4577e-01  -1.6706e-01   1.8451e-01
  -1.0350e-02   1.0235e-02   6.0906e-03   2.6671e-03   5.1993e-16   6.3472e-15  -1.5397e-02   1.4523e-02   1.3008e-01  -1.4577e-01   1.6706e-01  -1.8451e-01
   1.0350e-02   1.0235e-02  -6.0906e-03   2.6671e-03  -8.0589e-15   3.0396e-15  -1.5397e-02  -1.4523e-02   1.3008e-01   1.4577e-01  -1.6706e-01  -1.8451e-01
  -1.0350e-02  -1.0235e-02  -6.0906e-03   2.6671e-03   3.0459e-15   1.0552e-14  -1.5397e-02  -1.4523e-02   1.3008e-01   1.4577e-01   1.6706e-01   1.8451e-01
MO overlap matrix:
   1.0000e+00  -1.1298e-15  -7.2566e-16   1.5424e-16   9.9913e-16   7.6987e-16   7.5518e-16   8.1504e-16  -3.7468e-16   6.0019e-16  -1.4938e-16  -9.4056e-17
  -1.0663e-15   1.0000e+00  -1.0017e-15   8.8971e-16   8.3603e-16   4.4699e-16   7.4332e-16   7.7136e-16  -3.7980e-16   8.7931e-16  -6.9904e-16   2.2466e-16
  -7.2593e-16  -1.0016e-15   1.0000e+00  -7.3100e-17  -5.7368e-16   2.5580e-16   5.3817e-16  -5.1359e-17  -4.6628e-17   9.2153e-17   5.3541e-17  -3.2110e-17
   1.5416e-16   8.8965e-16  -2.0540e-16   1.0000e+00   9.4909e-18  -6.1849e-16  -4.3915e-16   1.2659e-16   4.7618e-17  -1.6149e-16   2.7333e-16  -1.8766e-16
   9.9913e-16   8.3603e-16  -5.7368e-16   9.4909e-18   1.0000e+00  -1.0876e-14   1.7565e-15   1.5631e-15   1.0051e-16  -5.4845e-16   8.0779e-16  -4.9019e-16
   7.6987e-16   4.4699e-16   2.5580e-16  -6.1849e-16  -1.0763e-14   1.0000e+00   1.6445e-15   1.6824e-15   1.3003e-16  -6.7688e-16   1.0301e-15  -6.1349e-16
   7.5527e-16   7.4241e-16   5.3617e-16  -4.3681e-16   1.7565e-15   1.6445e-15   1.0000e+00   1.7542e-15  -1.7459e-16   4.3384e-16  -5.5698e-16   2.5104e-16
   8.1486e-16   7.7119e-16  -5.3038e-17   1.2617e-16   1.5631e-15   1.6824e-15   1.9723e-15   1.0000e+00  -2.2874e-16   1.7740e-16  -1.4034e-16   8.7106e-17
  -3.7431e-16  -3.8172e-16  -4.7768e-17   4.4612e-17   1.0051e-16   1.3003e-16  -1.9514e-16  -2.1964e-16   1.0000e+00  -8.7752e-16  -3.4390e-17  -1.6146e-16
   6.0229e-16   8.8402e-16   9.3380e-17  -1.6173e-16  -5.4845e-16  -6.7688e-16   4.2111e-16   1.7747e-16  -8.1529e-16   1.0000e+00   3.5648e-16   3.9395e-16
  -1.5250e-16  -7.0395e-16   5.3030e-17   2.7379e-16   8.0779e-16   1.0301e-15  -5.6140e-16  -1.3318e-16   3.5363e-17   3.7050e-16   1.0000e+00   2.8743e-16
  -8.5943e-17   2.1899e-16  -3.0703e-17  -1.9052e-16  -4.9019e-16  -6.1349e-16   2.4704e-16   8.8334e-17  -2.5537e-16   4.2966e-16   2.3908e-16   1.0000e+00
Nuclear repulsion energy: 33.0985
The molecule in file /Users/nematsfolder/chem279/homework3/sample_input/C2H4.txt has energy -1664.976251
Eigenvalues of the overlap matrix S:
  -2.1958e+02
  -2.1943e+02
  -2.1911e+02
  -2.1878e+02
  -2.1873e+02
  -2.1873e+02
  -1.9303e+02
  -1.9234e+02
  -7.4332e+00
  -3.2495e+00
   3.2085e+00
   9.1473e+00
